

count = 
6


eigen value = 
[-2.00000000e+00,-1.32024540e+00,-1.00000000e+00,-2.89563320e-16,5.32784365e-02,1.00000000e+00,1.22721640e+00,0.00000000e+00,0.00000000e+00,0.00000000e+00,0.00000000e+00,0.00000000e+00,0.00000000e+00,0.00000000e+00,0.00000000e+00,0.00000000e+00]
LAPACKE's ANSWER
eigen value = 
[-2.00000000e+00,-1.00000000e+00,-1.00000000e+00,-1.00000000e+00,-2.66949349e-32,-3.64532567e-34,0.00000000e+00,1.69429811e-33,7.49952835e-32,5.77179330e-18,1.14491749e-16,1.00000000e+00,1.00000000e+00,1.00000000e+00,1.00000000e+00,1.00000000e+00]
